00100100 00000001 00000000 00001000 
00110100 00000010 00000000 00000010 
00111000 01000011 00000000 00001000 
00000000 01100001 00100000 00100010 
00000000 10000010 00101000 00100100 
00000000 00000101 00101000 10000000 
00010000 10100001 11111111 11111110 
00001100 00000000 00000000 00010100 
00000001 10100001 01000000 00101010 
00100100 00001110 11111111 11111110 
00000001 00001110 01001000 00101010 
00101001 00101010 00000000 00000010 
00101001 01001011 00000000 00000000 
00000001 01101010 01011000 00100000 
00010101 01100010 11111111 11111110 
00100100 00001100 11111111 11111110 
00100101 10001100 00000000 00000001 
00000101 10000000 11111111 11111110 
00110000 01001100 00000000 00000010 
00001000 00000000 00000000 00010111 
10101100 00100010 00000000 00000100 
10001100 00101101 00000000 00000100 
00000011 11100000 00000000 00001000 
11111100 00000000 00000000 00000000 
